4.060000000000000142e+01
4.079999999999999716e+01
4.439999999999999858e+01
4.670000000000000284e+01
5.410000000000000142e+01
5.850000000000000000e+01
5.770000000000000284e+01
5.639999999999999858e+01
5.429999999999999716e+01
5.050000000000000000e+01
4.289999999999999858e+01
3.979999999999999716e+01
4.420000000000000284e+01
3.979999999999999716e+01
4.510000000000000142e+01
4.700000000000000000e+01
5.410000000000000142e+01
5.870000000000000284e+01
6.629999999999999716e+01
5.989999999999999858e+01
5.700000000000000000e+01
5.420000000000000284e+01
3.970000000000000284e+01
4.279999999999999716e+01
3.750000000000000000e+01
3.870000000000000284e+01
3.950000000000000000e+01
4.210000000000000142e+01
5.570000000000000284e+01
5.779999999999999716e+01
5.679999999999999716e+01
5.429999999999999716e+01
5.429999999999999716e+01
4.710000000000000142e+01
4.179999999999999716e+01
4.170000000000000284e+01
4.179999999999999716e+01
4.010000000000000142e+01
4.289999999999999858e+01
4.579999999999999716e+01
4.920000000000000284e+01
5.270000000000000284e+01
6.420000000000000284e+01
5.960000000000000142e+01
5.439999999999999858e+01
4.920000000000000284e+01
3.629999999999999716e+01
3.760000000000000142e+01
3.929999999999999716e+01
3.750000000000000000e+01
3.829999999999999716e+01
4.550000000000000000e+01
5.320000000000000284e+01
5.770000000000000284e+01
6.079999999999999716e+01
5.820000000000000284e+01
5.639999999999999858e+01
4.979999999999999716e+01
4.439999999999999858e+01
4.360000000000000142e+01
4.000000000000000000e+01
4.050000000000000000e+01
4.079999999999999716e+01
4.510000000000000142e+01
5.379999999999999716e+01
5.939999999999999858e+01
6.350000000000000000e+01
6.100000000000000000e+01
5.300000000000000000e+01
5.000000000000000000e+01
3.810000000000000142e+01
3.629999999999999716e+01
3.920000000000000284e+01
4.339999999999999858e+01
4.339999999999999858e+01
4.889999999999999858e+01
5.060000000000000142e+01
5.679999999999999716e+01
6.250000000000000000e+01
6.200000000000000000e+01
5.750000000000000000e+01
4.670000000000000284e+01
4.160000000000000142e+01
3.979999999999999716e+01
3.939999999999999858e+01
3.850000000000000000e+01
4.529999999999999716e+01
4.710000000000000142e+01
5.170000000000000284e+01
5.500000000000000000e+01
6.039999999999999858e+01
6.050000000000000000e+01
5.470000000000000284e+01
5.029999999999999716e+01
4.229999999999999716e+01
3.520000000000000284e+01
4.079999999999999716e+01
4.110000000000000142e+01
4.279999999999999716e+01
4.729999999999999716e+01
5.089999999999999858e+01
5.639999999999999858e+01
6.220000000000000284e+01
6.050000000000000000e+01
5.539999999999999858e+01
5.020000000000000284e+01
4.300000000000000000e+01
3.729999999999999716e+01
3.479999999999999716e+01
3.130000000000000071e+01
4.100000000000000000e+01
4.389999999999999858e+01
5.310000000000000142e+01
5.689999999999999858e+01
6.250000000000000000e+01
6.029999999999999716e+01
5.979999999999999716e+01
4.920000000000000284e+01
4.289999999999999858e+01
4.189999999999999858e+01
4.160000000000000142e+01
3.710000000000000142e+01
4.120000000000000284e+01
4.689999999999999858e+01
5.120000000000000284e+01
6.039999999999999858e+01
6.010000000000000142e+01
6.160000000000000142e+01
5.700000000000000000e+01
5.089999999999999858e+01
4.300000000000000000e+01
3.879999999999999716e+01
3.710000000000000142e+01
3.839999999999999858e+01
3.839999999999999858e+01
4.650000000000000000e+01
5.350000000000000000e+01
5.839999999999999858e+01
6.060000000000000142e+01
5.820000000000000284e+01
5.379999999999999716e+01
4.660000000000000142e+01
4.550000000000000000e+01
4.060000000000000142e+01
4.239999999999999858e+01
3.839999999999999858e+01
4.029999999999999716e+01
4.460000000000000142e+01
5.089999999999999858e+01
5.700000000000000000e+01
6.210000000000000142e+01
6.350000000000000000e+01
5.629999999999999716e+01
4.729999999999999716e+01
4.360000000000000142e+01
4.179999999999999716e+01
3.620000000000000284e+01
3.929999999999999716e+01
4.450000000000000000e+01
4.870000000000000284e+01
5.420000000000000284e+01
6.079999999999999716e+01
6.550000000000000000e+01
6.490000000000000568e+01
6.010000000000000142e+01
5.020000000000000284e+01
4.210000000000000142e+01
3.579999999999999716e+01
3.939999999999999858e+01
3.820000000000000284e+01
4.039999999999999858e+01
4.689999999999999858e+01
5.339999999999999858e+01
5.960000000000000142e+01
6.650000000000000000e+01
6.039999999999999858e+01
5.920000000000000284e+01
5.120000000000000284e+01
4.279999999999999716e+01
4.579999999999999716e+01
4.000000000000000000e+01
4.260000000000000142e+01
4.350000000000000000e+01
4.710000000000000142e+01
5.000000000000000000e+01
6.050000000000000000e+01
6.459999999999999432e+01
6.400000000000000000e+01
5.679999999999999716e+01
4.860000000000000142e+01
4.420000000000000284e+01
3.639999999999999858e+01
3.729999999999999716e+01
3.500000000000000000e+01
4.400000000000000000e+01
4.389999999999999858e+01
5.270000000000000284e+01
5.860000000000000142e+01
6.000000000000000000e+01
6.110000000000000142e+01
5.810000000000000142e+01
4.960000000000000142e+01
4.160000000000000142e+01
4.129999999999999716e+01
4.079999999999999716e+01
4.100000000000000000e+01
3.839999999999999858e+01
4.739999999999999858e+01
5.410000000000000142e+01
5.860000000000000142e+01
6.139999999999999858e+01
6.179999999999999716e+01
5.629999999999999716e+01
5.089999999999999858e+01
4.139999999999999858e+01
3.710000000000000142e+01
4.210000000000000142e+01
4.120000000000000284e+01
4.729999999999999716e+01
4.660000000000000142e+01
5.239999999999999858e+01
5.900000000000000000e+01
5.960000000000000142e+01
6.039999999999999858e+01
5.700000000000000000e+01
5.070000000000000284e+01
4.779999999999999716e+01
3.920000000000000284e+01
3.939999999999999858e+01
4.089999999999999858e+01
4.239999999999999858e+01
4.779999999999999716e+01
5.239999999999999858e+01
5.800000000000000000e+01
6.070000000000000284e+01
6.179999999999999716e+01
5.820000000000000284e+01
4.670000000000000284e+01
4.660000000000000142e+01
3.779999999999999716e+01
