1.4102564e+000
1.4114822e+000
1.4151312e+000
1.4211607e+000
1.4295282e+000
1.4401908e+000
1.4531061e+000
1.4682313e+000
1.4855238e+000
1.5049410e+000
1.5264402e+000
1.5499788e+000
1.5755141e+000
1.6030035e+000
1.6324043e+000
1.6636739e+000
1.6967696e+000
1.7316488e+000
1.7682689e+000
1.8065872e+000
1.8465610e+000
1.8881478e+000
1.9313836e+000
1.9797415e+000
2.0369339e+000
2.1054842e+000
2.1879154e+000
2.2867507e+000
2.4045133e+000
2.5437263e+000
2.7069130e+000
2.8965965e+000
3.1152999e+000
3.3655465e+000
3.6498593e+000
3.9707616e+000
4.3307766e+000
5.4843938e+000
8.0587071e+000
1.1460082e+001
1.5089560e+001
1.8931851e+001
2.3664912e+001
2.8289687e+001
3.1909147e+001
3.5394499e+001
3.8222386e+001
3.9358927e+001
3.9243191e+001
3.8930014e+001
3.8456271e+001
3.7858832e+001
3.7174572e+001
3.6440363e+001
3.5693077e+001
3.4969587e+001
3.4306767e+001
3.3741488e+001
3.3239827e+001
3.2733626e+001
3.2227975e+001
3.1728122e+001
3.1239318e+001
3.0766813e+001
3.0315857e+001
2.9891699e+001
2.9499589e+001
2.9144777e+001
2.8832471e+001
2.8546454e+001
2.8270474e+001
2.8004599e+001
2.7748901e+001
2.7503447e+001
2.7268309e+001
2.7043556e+001
2.6829257e+001
2.6625482e+001
2.6432301e+001
2.6249784e+001
2.6078000e+001
2.5917019e+001
2.5766910e+001
2.5627743e+001
2.5499567e+001
2.5380043e+001
2.5267206e+001
2.5160538e+001
2.5059522e+001
2.4963642e+001
2.4872382e+001
2.4785224e+001
2.4701652e+001
2.4621150e+001
2.4543200e+001
2.4467287e+001
2.4392893e+001
2.4319502e+001
2.4246597e+001
2.4173661e+001
2.4100179e+001
2.4025633e+001
2.3949506e+001
2.3871282e+001
2.3790445e+001
2.3706488e+001
2.3619852e+001
2.3531352e+001
2.3441476e+001
2.3350714e+001
2.3259554e+001
2.3168486e+001
2.3077999e+001
2.2988581e+001
2.2900722e+001
2.2814910e+001
2.2731636e+001
2.2651387e+001
2.2574653e+001
2.2501923e+001
2.2433684e+001
2.2369015e+001
2.2306700e+001
2.2246548e+001
2.2188372e+001
2.2131981e+001
2.2077185e+001
2.2023796e+001
2.1971624e+001
2.1920479e+001
2.1870172e+001
2.1820513e+001
2.1771314e+001
2.1722383e+001
2.1673533e+001
2.1624573e+001
2.1575314e+001
2.1525567e+001
2.1475142e+001
2.1423849e+001
2.1371687e+001
2.1319074e+001
2.1266100e+001
2.1212831e+001
2.1159335e+001
2.1105682e+001
2.1051938e+001
2.0998172e+001
2.0944452e+001
2.0890846e+001
2.0837421e+001
2.0784246e+001
2.0731389e+001
2.0678917e+001
2.0626899e+001
2.0575403e+001
2.0524496e+001
2.0474247e+001
2.0424724e+001
2.0375994e+001
2.0328126e+001
2.0281187e+001
2.0235246e+001
2.0190371e+001
2.0146629e+001
2.0103995e+001
2.0062076e+001
2.0020798e+001
1.9980139e+001
1.9940076e+001
1.9900589e+001
1.9861653e+001
1.9823247e+001
1.9785348e+001
1.9747934e+001
1.9710983e+001
1.9674472e+001
1.9638379e+001
1.9602681e+001
1.9567357e+001
1.9532383e+001
1.9497738e+001
1.9463398e+001
1.9429342e+001
1.9395548e+001
1.9361992e+001
1.9328653e+001
1.9295509e+001
1.9262536e+001
1.9229712e+001
1.9197015e+001
1.9164424e+001
1.9131914e+001
1.9099465e+001
1.9067053e+001
1.9034656e+001
1.9002252e+001
1.8969819e+001
1.8937334e+001
1.8904775e+001
1.8872119e+001
1.8839344e+001
1.8806428e+001
1.8773348e+001
1.8740082e+001
1.8706608e+001
1.8672903e+001
1.8638945e+001
1.8604711e+001
1.8570179e+001
1.8535327e+001
1.8500133e+001
1.8464573e+001
1.8428626e+001
1.8392270e+001
1.8355481e+001
1.8318238e+001
1.8280518e+001
1.8242299e+001
1.8203558e+001
1.8164186e+001
1.8124127e+001
1.8083417e+001
1.8042091e+001
1.8000187e+001
1.7957739e+001
1.7914783e+001
1.7871356e+001
1.7827494e+001
1.7783232e+001
1.7738606e+001
1.7693653e+001
1.7648407e+001
1.7602906e+001
1.7557186e+001
1.7511281e+001
1.7465228e+001
1.7419063e+001
1.7372823e+001
1.7326542e+001
1.7280256e+001
1.7234003e+001
1.7187817e+001
1.7141735e+001
1.7095792e+001
1.7050025e+001
1.7004470e+001
1.6959162e+001
1.6914137e+001
1.6869432e+001
1.6825081e+001
1.6781122e+001
1.6737591e+001
1.6694522e+001
1.6651952e+001
1.6609917e+001
1.6568453e+001
1.6527596e+001
1.6487382e+001
1.6447847e+001
1.6409026e+001
1.6370956e+001
1.6333672e+001
1.6297212e+001
1.6261524e+001
1.6226246e+001
1.6191325e+001
1.6156753e+001
1.6122519e+001
1.6088617e+001
1.6055036e+001
1.6021769e+001
1.5988806e+001
1.5956139e+001
1.5923759e+001
1.5891657e+001
1.5859825e+001
1.5828254e+001
1.5796935e+001
1.5765859e+001
1.5735018e+001
1.5704403e+001
1.5674006e+001
1.5643816e+001
1.5613827e+001
1.5584028e+001
1.5554412e+001
1.5524970e+001
1.5495692e+001
1.5466570e+001
1.5437596e+001
1.5408761e+001
1.5380055e+001
1.5351471e+001
1.5322999e+001
1.5294631e+001
1.5266358e+001
1.5238172e+001
1.5210063e+001
1.5182023e+001
1.5154042e+001
1.5126114e+001
1.5098228e+001
1.5070376e+001
1.5042549e+001
1.5014739e+001
1.4986936e+001
1.4959132e+001
1.4931319e+001
1.4903487e+001
1.4875629e+001
1.4847734e+001
1.4819795e+001
1.4791802e+001
1.4763747e+001
1.4735622e+001
1.4707417e+001
1.4679124e+001
1.4650733e+001
1.4622237e+001
1.4593627e+001
1.4564893e+001
1.4536028e+001
1.4507022e+001
1.4477867e+001
1.4448553e+001
1.4419073e+001
1.4389417e+001
1.4359577e+001
1.4329540e+001
1.4299306e+001
1.4268886e+001
1.4238291e+001
1.4207532e+001
1.4176619e+001
1.4145564e+001
1.4114378e+001
1.4083071e+001
1.4051654e+001
1.4020139e+001
1.3988537e+001
1.3956857e+001
1.3925112e+001
1.3893313e+001
1.3861469e+001
1.3829592e+001
1.3797693e+001
1.3765784e+001
1.3733874e+001
1.3701975e+001
1.3670097e+001
1.3638253e+001
1.3606452e+001
1.3574705e+001
1.3543024e+001
1.3511420e+001
1.3479903e+001
1.3448484e+001
1.3417174e+001
1.3385985e+001
1.3354927e+001
1.3324011e+001
1.3293248e+001
1.3262648e+001
1.3232224e+001
1.3201986e+001
1.3171944e+001
1.3142110e+001
1.3112495e+001
1.3083109e+001
1.3053964e+001
1.3025070e+001
1.2996439e+001
1.2968081e+001
1.2940007e+001
1.2912229e+001
1.2884757e+001
1.2857602e+001
1.2830774e+001
1.2804286e+001
1.2778148e+001
1.2752371e+001
1.2726965e+001
1.2701942e+001
1.2677315e+001
1.2653094e+001
1.2629268e+001
1.2605826e+001
1.2582756e+001
1.2560048e+001
1.2537689e+001
1.2515669e+001
1.2493975e+001
1.2472596e+001
1.2451522e+001
1.2430739e+001
1.2410238e+001
1.2390005e+001
1.2370031e+001
1.2350303e+001
1.2330811e+001
1.2311542e+001
1.2292485e+001
1.2273628e+001
1.2254961e+001
1.2236471e+001
1.2218148e+001
1.2199980e+001
1.2181954e+001
1.2164061e+001
1.2146288e+001
1.2128624e+001
1.2111058e+001
1.2093577e+001
1.2076171e+001
1.2058829e+001
1.2041537e+001
1.2024286e+001
1.2007064e+001
1.1989859e+001
1.1972660e+001
1.1955455e+001
1.1938233e+001
1.1920982e+001
1.1903692e+001
1.1886349e+001
1.1868944e+001
1.1851464e+001
1.1833899e+001
1.1816236e+001
1.1798464e+001
1.1780572e+001
1.1762548e+001
1.1744381e+001
1.1726059e+001
1.1707571e+001
1.1688906e+001
1.1670051e+001
1.1650996e+001
1.1631729e+001
1.1612239e+001
1.1592513e+001
1.1572542e+001
1.1552312e+001
1.1531813e+001
1.1511033e+001
1.1489961e+001
1.1468586e+001
1.1446895e+001
1.1424878e+001
1.1402522e+001
1.1379817e+001
1.1356751e+001
1.1333313e+001
1.1309491e+001
1.1285273e+001
1.1260649e+001
1.1235606e+001
1.1210133e+001
1.1184219e+001
1.1157853e+001
1.1131022e+001
1.1103716e+001
1.1075923e+001
1.1047631e+001
1.1018538e+001
1.0982192e+001
1.0938045e+001
1.0888906e+001
1.0837587e+001
1.0786898e+001
1.0739649e+001
1.0698651e+001
1.0666715e+001
1.0646650e+001
1.0641425e+001
1.0659243e+001
1.0699865e+001
1.0758264e+001
1.0829415e+001
